"x"
0.0723344522419689
0.153737048366986
1.71642255667423
0.045688567991788
0.0273936318083514
0.0814025961250175
1.7887570089162
0.0182949361834366
0.0775483695429982
0.0907798097257322
0.127091164116806
0.0669007399592543
0.0724848735422956
0.0274119691161943
0.13938561350155
0.03948877084306
0.000854797037764143
0.00654201615835426
0.16832817926873
0.162392228592568
0.167836787311406
0.204639533659804
0.113989454025293
0.330720407861298
0.336164966580136
0.144454366363833
0.0998968426584899
0.0911102243991495
0.00544455871883809
0.24116880935331
0.215227259464529
0.367031762252371
0.359235492721139
0.276381682617861
0.246613368072148
0.220671818183368
0.238047400506612
0.191710600216303
0.34989625525574
0.245054742180987
0.0259415498887803
0.00302214574975501
0.0083784909995579
0.11806668336783
0.0626118474526649
0.144366970553468
0.0352128732645509
0.0289636956385353
0.0175630588892224
0.0573426607313037
0.0173755823232442
0.129224437072373
0.0114006367493129
0.0420174018970956
0.0350248768359291
0.00792596545982338
0.0595897017029099
0.141344824803713
0.000312898109519288
1.62817251120696
0.67408787161732
0.0616427894953944
0.201528456059508
0.132340809028683
0.725516833220271
0.0049794352060033
0.471255013150675
0.34841873865633
0.713142680126422
0.695828014216348
0.111907417155024
0.0805708155068086
0.271676070520235
0.738417605625171
0.743084142721655
0.266849694364978
0.364723941470093
0.428989554163138
0.620094809176565
0.60834462463021
0.303967163314595
0.23178493330196
0.254074787427278
0.178627193248112
0.237673486697422
0.202888186088777
0.105739590719227
0.482594356562707
1.18658918164187
0.506855349403372
0.0188725021282954
1.66783773014425
0.209977757141722
0.198227572595368
0.389420716477781
0.000773033202042583
0.0404742493852011
0.83161481035275
3.08343634373913
0.843429853412296
0.0356944220409243
1.30844025916974
0.0699654817151218
0.978062062269448
1.30766722596769
1.45931061077183
0.180893597105362
0.0691924485130793
0.73439049994739
0.0429520331119591
0.984476545565831
0.85701603914203
0.0543249333042768
0.130795603738092
0.269444369348439
2.17006370529385
0.667951069729541
0.795411576153342
0.417626432528515
1.3466766024979
1.42660735853214
0.770694589331758
1.80194715828554
0.313791613704032
1.84423379106065
1.18832102186027
0.00517382330200622
0.0711756251867417
0.0350779810771265
0.0370493452792768
0.00119883556060518
0.434839716788068
0.173726746687473
0.0158813424247279
0.0328111236263897
0.151518663256589
0.226693104502494
0.0126914730771412
0.171757531255492
0.116388178841969
0.0967816664077956
0.0155855095451942
0.0600556190486614
0.0991763735038864
0.172268898174521
0.22793895842325
0.190958095626275
0.0824437157380373
0.4303741615041
0.456794148058801
0.336525988863702
1.50724667385095
0.398399679837292
0.0476674259150371
0.206457283916919
0.493199841502909
0.716041930723693
0.270897422931859
0.830803813772774
0.559358542094366
0.578549739759755
0.222842089220785
0.0349596181914968
0.168083319025362
0.0853498982568466
0.458516743789183
0.257801707412281
0.0444701095034672
0.114761883049081
0.133123700833865
0.27750040885581
0.0184533826567383
0.213331597908814
0.659678716340363
0.472208041683003
0.410624109689675
0.253433217282208
0.626600062814545
0.036980862796975
0.65831311992735
0.830255965026225
0.849447162691614
0.621332257130375
1.31628857822468
0.79327510222925
0.70088657045514
0.512817877242138
0.374350432320764
0.254082273125665
0.0347762898230002
0.288900999654956
1.0752370027759
0.954968843580804
0.220043174879811
0.411985570800184
1.44146322325749
1.19561561030266
2.01983589881136
0.18747067465736
0.821296419409601
0.033078653525819
0.223916877587182
0.191134042764264
0.5643008882966
0.824220288508702
0.583823565357648
0.127214896016341
1.0081449356453
1.25493867243752
0.172127612276678
1.40804385386635
1.45306839202341
0.951435184525042
1.832365224154
1.19853947940176
0.169061826944446
0.456608669341307
1.83876223779517
0.134291131605279
1.05590075700594
0.712093076338505
0.771170604258923
1.3791000485334
0.145822143911016
0.332100409509817
0.50163320749837
0.515923825921769
0.328402561293256
1.24480891692812
0.0115310123057375
1.28400656507897
0.791140560967549
3.04296209435393
1.32360190903208
0.183823416411952
0.00369784821656083
1.63613246087971
0.917475600983915
0.37670181649389
1.66790791596949
0.325303883353799
0.215598871501735
0.939022824963143
0.540773784490025
0.496027354454267
0.517391927186244
0.70187672948218
0.702005699847689
0.0447464300357581
0.0306167651477827
0.0397796018420813
0.0347197486804145
0.0236242400866162
0.00488098161950656
0.0653365138281972
0.00699252506116643
0.0104206164732785
0.0702174954477037
0.178887680141966
0.0466215417109632
0.011873506680673
0.425902942441803
0.0137926638289745
0.0485406988592647
0.0874789413592563
0.0843326679043397
0.0214417874831589
0.0146230202324862
0.119073129705175
0.153972111499868
0.0597968789744252
0.189308296615245
0.375909353375144
0.168595131732355
0.122332063994206
0.106773051393915
0.361286333142658
0.273045241205043
0.226782173466894
0.1788700086796
0.096820938151077
0.30786895300661
0.0527424491941328
0.220084360727536
0.211223160866604
0.0392304526699094
0.046263067738149
0.00669781273935843
0.0155590126002902
0.483618397136864
0.00505985316166679
0.0871089236901899
0.491798814847876
0.0399670784080595
0.0820490705285231
0.24910517558967
0.120268159195099
1.05045252579215
0.855193827896093
0.288858562948665
1.38215356845386
0.490102195192633
0.782373357580596
1.90749805146746
1.25470714784777
0.0615839319933276
0.836017323368618
0.154392021131541
0.805267245704826
1.24690730329858
1.87225576364649
1.4270662847142
1.45230904446776
0.728885091006347
0.477109259075979
0.820916939743414
0.469099876955903
0.852418477389747
0.212411174739858
1.63983030909627
0.457751780821096
0.955604003785711
0.343807680667435
0.689520433815836
0.323199291527455
0.746752129883447
0.504856142837413
0.89800556602856
1.26432670831694
0.0213645727319776
1.2304456846976
0.241895987046034
2.23383259227824
0.184484802295936
2.25519716501021
0.284560842772505
0.833833561624289
1.24542426949479
0.524681536061417
0.115325766588473
2.1979049227216
0.0706781733840511
0.404689891157687
0.451831736439817
0.360611402200743
0.527953313734145
0.347099405676519
0.111848854749129
0.104732330763298
0.158185655039437
0.0533441419646836
0.0583955304729891
0.185171250901903
0.216581185512426
0.00878661825934035
0.0329467546847058
0.14061372719656
0.0934967053830267
0.111739672437673
0.13182710893722
0.00568721912059011
0.0819912246581342
0.132130679188323
0.173560481881266
0.126443460067732
0.0501394545301883
0.133552330428776
0.0683335549545152
0.167341911533403
0.0135119965242234
0.120345993820925
0.248792676572925
0.27950206773985
0.174650846719974
0.988549697651566
0.981812511481735
0.432539792629951
3.46427827697584
1.19569518087019
0.393149423191147
0.759470565479528
0.207145483218623
0.186601056759899
0.22550922185293
0.351817062787511
0.0590775279204188
0.667006972194891
0.566270932427488
0.246496447574302
0.0484123637191338
0.0392512215761505
0.13100970712093
0.0228139695812173
0.0435947992917223
0.108157032592278
0.0720080230578724
0.0349198754556559
0.070807954338501
0.41654327130172
0.023567762135519
0.0664087688729396
0.161073902546553
0.0577338450368732
0.0805333934854859
0.439357240882937
0.000753792554301747
0.00886119986093181
0.180853908057626
0.00730893518657094
0.0555572765511911
0.468059384536573
0.0161701350475028
0.0466960766902593
0.412110278612829
0.36974619947248
0.309413020363469
0.597374828939303
0.51338188380106
0.341570274537464
0.351617041135816
0.421363307846314
0.0222898541253178
0.0531577400538481
0.068285807317837
8.53691504865139e-05
0.0528428998326582
0.00588855339546157
0.095148946846062
0.337524524021187
0.0473217890803932
0.0464388946843934
0.229741397151544
0.0728590927207442
0.291697084756458
0.359814378146505
0.0347480350302902
1.90564635368824
2.09758208991736
2.10956368045393
2.43968196730615
0.191935736229122
0.191942395920373
1.22142004837768
1.41335578460681
0.0169297812016618
0.167400005681317
0.177766578709826
0.179236626751115
0.144538530809794
0.532461348064535
1.67504466376505
0.867309232393675
0
0
0
0
0
0.301184355440181
0.14716049583318
0.435611131581894
0.518473508007743
0.991032923565554
0.227482671419493
0.0198052714033246
0.00867492383606638
0.0106772828382429
0.013219373626316
0.0746369327584917
0.21680538858125
0.373212408566648
0.0668698264286576
0.0842089291325916
0.0805405090610671
0.04214467921976
0.0126462350741949
0.115068156651189
0.033910545654213
0.0590462934493097
0.0484967447928666
0.0242609928406647
0.48453529714154
0.196166407952776
0.149199302468359
0.129592790034185
0.0532433415454374
0.161468312011456
0.687132124830184
1.33112306893016
1.72569428345451
0.0751744412459043
1.07290337983482
0.0103665730285085
0.138827190179448
0.227628629466824
0.0181291583366638
0.148900522726667
0.588880469534852
0.0551104745651205
0.964767656752363
0.441640057593759
0.449681689089475
0.62179903900937
1.11366817947903
0.292739534867092
0.109918238582916
0.0521204289800385
0.094103788880199
0.173745630518985
0.173459766493026
0.0826899165898247
0.0577978096028779
0.0158144497027175
0.12579616019799
0.107359126426738
0.0682004381673504
0.121128707150495
0.0623972539223754
0.0268631395282251
0.0305694876097862
0.15111555187579
0.0309346700746529
0.0689137693987867
0.0107280722399992
0.121062675906739
0.0504268752411461
0.0104422082140401
0.0796418416387858
0.0521489065079521
0.0734911048234395
0.141610609900708
0.123173576129456
0.000285864025959093
0.0910557139291601
0.171489551147885
0.131504884120779
0.024147924003616
0.0350313479980038
0.0285916821355876
0.125640011331392
0.19375951640866
0.039984667027106
0.139664877489038
0.142897869012297
0.164881001014748
0.180661923819442
0.110312652197027
0.090769849903201
0.068770476289771
0.179649544516144
0.0703279851699206
0.120546064266004
0.159540326192972
0.270419394419345
0.00036518246486672
0.000882894395999756
0.0389942619269679
0.120180881801137
0.0733613042960526
0.183302502467151
0.119297987405138
0.245258190072065
0.0521239216745588
0.0512745915479869
0.0742441986920523
0.755134729639685
0.95099242238101
1.03183924699418
1.27583280056067
0.906727196180168
0.0497188840577856
0.884606919162675
0.110879068226373
0.0192966029787662
0.0308536793791143
0.0290660411059793
0.0343670423690847
0.0915824652476065
0.174895780097104
0.139945109332352
0.237469682676736
0.249977529686064
0.0501502823578805
0.090930223045401
0.0483626440847456
0.0668975279543158
0.0150704393903185
0.194692911271189
0.043603381895128
0.0407799406875204
0.065220721748199
0.452906427390261
1.70612715202069
0.238296293166317
1.00634859268472
0.12947218952299
0.258213516119072
0.0808468246131753
0.574727476758262
0.69977855933597
0.67639445676061
0.688413864837573
1.83559934154368
1.44791363590162
0.00282344120760758
0.777695502117178
1.21860619073368
0.978286126476146
0.914612034149066
0.496509809285389
0.0240326950910852
0.0699863565995225
0.77487206090957
0.0349506707647524
0.0164157868951822
0.062573902579631
0.0783487055744372
0.101816350075713
0.121832284191045
0.0623694484036195
0.0750817495889597
0.0185348838695703
0.105416497295863
0.0459536615084373
0.0157748029948062
0.0828571186317442
0.116171757485869
0.127302105053127
0.0125078470093287
0.18016505565015
0.200180989765482
0.131946560480675
0.143076908047933
0.115651254377856
0.0200159341153325
0.0370881476022165
0.00120006871937139
0.0956353202625237
0.116851323097228
0.228883993865991
0.11658303605537
0.737491039650337
0
0.378744430745083
0.701921180966345
0.433832424990669
0.153896289831893
1.47269893242828
0.549272718851784
0.213882669388454
0.313329229206998
0.655574301371438
0.769260689450748
2.30767204755485
1.62632788204161
0.137837104335735
0.0311133637785694
0.00345206682055554
0.0730452807552373
0.0594628357874258
0.0927607411446454
0.212218356317893
0.0332979053572195
0.704885704310048
0.738183609667267
0.304979097462539
0.770507380397659
0.06065625027066
0.0149431748467475
0.0113367217831151
0.0286218393010662
0.0210164421740942
0.344688128555471
0.0678164260810785
0.0499414880499254
0.0457130754239126
0.095507557715341
0.0363282857137213
0.0071601758104185
0.223983237138966
0.0542803776196665
0.0497944822914285
0.0093847897101913
0.00294512384777512
0.00360645306363239
0.0136786644543188
0.0591792720016198
0.319490794854307
0.149787935335008
0.00643966586241618
0.0129912427738237
0.0219831320024504
0.00655157691140751
0.0154315550910429
0.0135669829021206
0.0157809228046943
0.0545683488177211
0.0172851175179511
0.0811441310110501
0.00186457218892233
0.0312124778957372
0.063859013493099
0.0191496897068735
0.316066289254405
0.0830087031999724
0.0932581649878346
0.00371856774516655
0.252207275761306
0.0293479057068149
0.169680970410798
0.086727270945139
0.411590707870504
3.03173848434588
0.763155388240238
0.323671686381377
0.0362954954352501
0.0467999839069844
0.0728815517507089
0.0168632777811961
0.0709579302240195
0.243566781374892
0.236501555589072
0.133857990345149
0.199028876117613
0.116075176651954
0.0703492716224154
0.0111303475672582
0.0829536994656594
0.0548316613551671
0.128679604495198
0.0659620089224253
0.0025420907880731
0.0639596499202488
0.156407019985398
0.149935562152592
0.089539597242668
0.0614175591321757
0.158949110773471
0.0281220381104923
0.165490059679812
0.30634258213799
0.00668187755616323
0.394629616605396
0.100698236099315
0.140852522458178
0.123513419754244
0.168950468114304
0.0775501839503985
0.172171937235976
0.134385037515179
0.0647918235804976
0.017339102703934
0.00366842007152446
0.0761111808596597
0.201063603704642
0.0797796009311842
0.204732023776167
0.345735316963219
0.233434359152597
0.407618231407312
0.819657863447924
1.99434281834786
1.31299865283461
0.116676709446127
0.176445428538671
0.222067249076924
0.148133811190785
0.171517913766145
0
0.122095116073419
0.18189904051119
0.0471170218135333
0.0289229213892064
0.00706522578582014
0.109708791029743
0.0181941004243269
0.0400517960277131
0.035791969045075
0.0270989113761058
0.094614578538839
0.0748581999366191
0.0906500796345107
1.87015960504121
0.0652187754742606
0.0167215013999149
0.164145077289245
0.0218576956033862
0.0484972740743457
0.0989263018149842
0.102643565243923
0.0421334696503024
0.104404096827558
0.0266395784709594
0.128446682751999
0.144777034894226
0.186221946265928
0.00176053158363487
0.0307093911669254
0.031258789419466
0.0163303521422264
0.0577752635139293
0.451212281383745
0.440111033437239
0.422915955071164
0.112300957810621
0.348754677561319
0.891323314820983
0.874128236454909
0.940490588450904
0.622793218909244
0.563513239194366
0.799966958945063
0.669707935940498
0.0171950783660746
0.124952422844983
0.107757344478908
0.0340652246204458
0.0184973719134796
0.0663623519959948
0.251335017545665
0.0914002841639059
0.0483869759030764
0.00200989847520727
0.106022939181628
0.034565430599125
0.014622655017722
0.0736921198584621
0.0892599725654284
0.0463770774278691
0.0614930229275625
0.0829524065022014
0.108032837656835
0.0151159454996934
0.223431515184313
0.0590694648407402
0.0929168921571417
0.115398677527478
0.0800771492210677
0.0155678527069663
0.0354095912323036
0.0563292126867374
0.0956450019280339
0.180504725837508
0.198084083855168
0.115486740453371
0.136406361907805
0.0848597239094744
0.0175793580176595
0.317697369541659
0.0971087414402394
3.44332919221639
0.125051082577707
0.101666980002348
0.11368638807931
0
0.970753580670173
0.328842582825065
0.00916114214298336
0.114688099457899
0.222579103450173
0.338003724968048
0.214154483367166
0.133738633625824
0.0654247080958674
0.348687532661328
0.106263479374891
0.0670619304053872
0.0157918796978915
0.00919104471577281
0.0263002871856379
0.0828538101032787
0.0959541639416388
0.132161547793671
0.0646458806309376
0.0171092424698651
0.0211367228035009
0.036207383852032
0.0313082833107012
0.119345921990922
0.0938500677938841
0.0779615414697119
0.0150706610485312
0.0641667164149524
0.287961808575834
0.20396886343759
0.198299513320602
0.151451622858093
0.275038563829586
0.365058101071179
0.26003185152344
0.104851221019876
0.0619681805863914
0.167717432757638
0.0428830404334848
0.0628662117377621
0.0565437638755615
0.0890340529333953
0.105749252171247
0.145577816808957
0.00015074240663715
0.0492054882956854
0.0414449113717028
0.146537566477861
0.11904627193806
0.104283647843891
0.145728559215594
0.0779016625552726
0.0531420127432449
0.0288941268006688
0.0254974232177068
0.0504103680154726
0.131043675298518
0.0274912945398
0.0422539186339694
0.0711051695330278
0.0242478859425761
0.14742357588933
0.0953530554756039
0.218528745422358
0.22058862810142
0.140172778360078
0.0718588528301218
0.177173740035819
0.046914717031254
0.214274373227145
0.0917584855447799
0.0341873854573933
0.231740245593157
0.0708388640903461
0.0209196214544338
0.0804158497413416
0.148729775271298
0.0683139255299565
0.283262824565461
0.0249441357988678
0.142415520397023
0.147158683039257
0.217433893688242
0.203860754704347
0.473338077150188
0.0558638296505638
0.108580228665347
0.0438715113687085
0.164444058315911
1.71936018532184
3.15340182545425
0.383896900698733
0.0597687190925438
0.399653641041968
0.33874395852305
0.707187387619289
0.046303929885104
0.259882725489762
0.268135579852543
0.127908399511442
0.0543915500183756
0.208315569684619
0.640096664900765
0.0235035777641128
0.26592763105055
0.105026249547739
0.242424053286437
0.399096503513092
0.579560724629338
0.0157567403432353
1.09108428831802
0.41680857602812
0.430200830583837
0.382348661960749
0.433204512204728
0.0323237707303923
0.217338465911311
0.235050538426339
0.200590624358968
0.236453719750697
0.465528282935121
0.395586600544092
0.130259023004565
0.701982002685818
0.63204032029479
0.486446724931131
0.501781297290225
0.356187701926566
0.291375868819316
0.134124963727484
0.167359656195891
0.172102818838125
0.0699416823910282
0.185014695180919
0.145593595363659
0.254956377571947
0.0386742497870305
0.0648118331072505
0.400549972935606
0.184267845150689
0.115900076755422
0.24907967825794
0.180711909862673
0.138867759882733
0.425500832546799
0.463478687657441
0.401311494161559
0.107380113655478
0.643990944099973
1.03856215862433
0.909657182187242
1.55875169839698
2.46840888058422
0.625348460347907
0.64000730264989
2.72258645878301
0.366321142288381
2.08257915613312
0.186003939972524
0.652790903619691
1.07148072809885
1.14807782108073
0.0450453947737195
0.214001631425353
0.0735168494930667
0.00531442688662587
0.183048064447163
0.0933032349152585
0.0788312763796926
0.0249129447977658
0.0539183315819267
0.151776435018331
0.188362491333789
0.0986176618018844
0.0978581034364039
0.0147626240941694
0.0830954793422345
0.0365860563154587
0.119681535657693
0.216823061328547
0.105249973448176
0.0490547458890482
0.216282127784917
0.180464221116246
0.0330408521182477
0.0054256138297486
0.0177120725150282
0.327344671217022
0.0683677683952668
0.0881477862192073
0.183241275666669
0.210856513955168
0.319579669745406
0.606212742409472
0.0197800178239405
0.251609044061936
0.0935383721617713
0.21796616048021
0.162752148601218
0.149359894045501
0.146880450100776
0.229461592097221
0.0695427080771545
0.994043905572278
0.42764773475349
0.151838822331058
0
0.106072648977648
0.445957570927072
0.368443429096239
0.0999721330035044
0.510393057272458
0.690543521890452
0.121524762836277
0.733373224089418
0.181894177547057
0.425183377495944
0.286633072664066
0.180150464617994
0.935576434768402
0.413118041907177
0.0916999681978909
0.014782639848181
0.129677823308533
0.199953033957518
0.186379894973622
0.0280470623507849
0.106482608046072
0.0379778551106416
0.0428297021989659
0.508649344343395
0.00474316264223429
1.19312321585445
0.259047026199072
0.0641688109469962
0.00147004804128859
0.0284957313651724
0.0641965400868854
0.0346980959413203
0.0525554618441006
0.0299657794064609
0.15906605817835
0.194878215252076
0.0553693524135221
0.0358121570737255
0.0911815094872477
0.0210317696386122
0.0196065124341738
0.0166123536205092
0.0588989863956249
0.11221327912586
0.271445271678408
0.0376441232591214
0.079930756034237
0.0362188660546829
0.0763494484887479
0.0402518043791327
0.0764706704338156
2.11573877198957
0.0422866327751157
0.0360976441096152
0.108224970466019
0.0723744607473469
0.582771627415074
0.855963082680674
0.574145870641208
1.69344453104524
0.481248548502382
0.797168465164086
1.04725451078253
0.303418940383334
0.303658614659668
0.735207892777943
0.138648765610347
2.03926810155575
0.089744829531905
0.0878212080052156
0.070275210648985
0.0135731389838956
0.171905971606733
0.0234378224607319
0.158332832622837
0.221376111645466
0.181770655083569
0.244813934106198
0.0630432790226294
0.551479046542361
0.488435767519731
0.0566468151251218
0.607077555043001
0.431788952394609
0.029498444145565
0.0116410782427847
0.0729234774314289
0.00823413356554692
0.00635206557310664
0.0342307606804244
0.0358505097186717
0.0845645556742136
0.0139573432320983
0.0225896824376397
0.0983449860354391
0.0811576109969758
0.0985218989063119
0.169702859519299
0.0515019519748208
0.101583354442031
0.111573087880371
0.167768315439499
0.118200907544479
0.0681195050772683
0.0500814024672103
0.0685184362384623
0.0377108446777656
0.0600711359055506
0.0378877575486385
0.0184370337712521
0.0308075915606967
0.0391586882593877
0.0699662798200844
0.0170380108369397
0.0171873750384632
0.0223602912277849
0.000176912870872847
0.0529282689831447
0.00580318424497506
0.0342253858754029
0.0587314532281198
0.0929568391035227
0.0173642879093361
0.0727577376335313
0.436038552348673
0.508796289982205
0.896276065881152
0.773650526686512
0.0619556876049137
0.00466653709648401
0.118322796448607
0.130072980994961
1.42664405514745
1.63315194641296
1.15691749805628
1.43010895332188
0.798535317486811
2.20750601182958
1.43404164013241
0
1.08066561171143
0.916194785062478
0.812576855735752
0.22484814091319
1.64653978123896
0.855817470798238
0.691346644149288
0.730344996176481
0.522458392861225
0.833962925503206
0.271389061885876
0.113318389985712
0.19818614265627
0.0776227697661627
0.0276152382884991
0.193766292119713
0.221381530408213
0.0365299409004933
0.33277028504677
0.674275712289901
0.468415562099743
0.708735626357273
0.0344599140673711
0.0233841025753598
0.0260386951173661
0.330032851701976
0.748135076565653
0
0.869086600667825
1.17468495489993
0.472559415557812
0.0514289616029515
1.22611391650288
0.0839929451382435
0.204943135422025
0.213195989784806
0.00825285436278111
0.171811609263596
0.0628908804211807
0.0675156671627333
0.0817551231008027
1.42169164032577
0.311504532641981
0.257911471308706
0
0.296240344146277
0.24032006425753
0.30399415658461
0.06367409232708
0.193983598524078
0.0666222247013977
0.000849330126571957
0.857008312122383
0.0221202770174935
0.857857642248955
0.0229696071440655
0.834888035104889
0.476234448356678
1.10780808419175
0.63157363583507
1.40897069434277
0.807735431371372
0.615257198709539
1.27274583712881
0.192478232661832
1.49423199961071
1.08026760446698
2.76697783673952
1.68671023227254
0.191105255013427
1.87781548728597
0.0117501845463543
0.261112970100595
0.264854236704307
0.691438466835431
0.250086045618441
0.12262553919464
0.814064006030071
0.525967206804903
1.5021126355643
1.02947765245731
0.415050920351446
0.788217765883782
0.127460506423801
0.0221833783569121
0.0561952275591278
0.00863233920554141
0.0783786059160398
0.0697462667104984
0.418102224863677
0.373166845532336
